0.02783	-4.0483
0.05953	-4.14607
0.06929	-3.93422
0.06685	-3.97496
0.08148	-4.15422
0.0571	-4.0157
0.06929	-4.06459
0.05953	-4.032
0.03758	-4.04015
0.05222	-1.31055
0.18636	3.52563
0.26197	8.68621
0.35464	12.39512
0.4522	16.93476
0.61561	21.11358
0.71561	25.31757
0.79609	28.95935
0.90828	32.79413
0.97901	36.68765
1.10827	40.00217
1.18388	42.29297
1.2668	44.39077
1.37899	46.04383
1.50094	47.13469
1.62533	48.01577
1.68874	48.9388
1.80093	49.72757
1.91312	50.26461
2.00824	50.92751
2.08872	50.94429
2.09116	50.56669
2.07409	50.13035
2.06433	49.9877
2.08872	49.56814
2.06189	49.37514
2.10579	49.19053
2.11067	49.14019
2.10579	49.09823
2.10336	48.70384
2.10336	48.68706
2.11067	48.72063
2.09116	48.53602
2.08384	48.46889
2.09116	48.41015
2.1375	48.49406
2.13018	48.25072
2.07897	48.25911
2.0936	48.11646
2.07165	48.04933
2.08141	48.02416
2.09116	47.94024
2.10579	47.88151
2.08384	47.96542
2.10336	47.77242
2.09848	47.77242
2.19116	47.55425
2.07165	47.61299
2.07897	47.59621
2.11067	47.67173
2.10823	47.53747
2.0936	47.52908
2.09604	47.47873
2.09848	47.52908
2.13018	47.46195
2.05702	47.43677
2.09848	47.47034
2.10823	47.37803
2.10579	47.22699
2.0497	47.36125
2.13018	47.32769
2.10092	47.36125
2.07409	47.35286
2.08872	47.33608
2.16921	47.25217
2.08384	47.14308
2.11555	47.23538
2.05458	47.10952
2.08141	47.17665
2.09848	47.0256
2.04726	47.07595
2.10336	47.06756
2.06189	47.10112
2.08872	47.0256
2.10092	47.05078
2.11067	46.90813
2.10336	47.04239
2.11799	47.15147
2.0936	47.00043
2.09116	46.92491
2.0497	46.84939
2.07897	46.90813
2.05946	46.72352
2.0936	46.82422
2.06189	46.86617
2.0936	46.79065
2.13262	47.23538
2.12287	46.94169
2.07409	46.68156
2.12531	46.648
2.08384	46.69835
2.11311	46.79065
2.08141	46.75709
2.06921	46.58087
2.05702	46.57248
2.0375	46.69835
2.08628	46.5557
2.08141	46.65639
2.0936	46.42983
2.08872	46.54731
2.09604	46.52213
2.09848	46.54731
2.08872	46.47178
2.09604	46.44661
2.08628	46.59765
2.11799	46.48018
2.11311	46.48018
2.1375	46.30396
2.08384	46.42144
2.10579	46.25361
2.08872	46.32074
2.09116	46.42983
2.10823	46.22005
2.09604	46.10257
2.07897	46.30396
2.12531	46.27879
2.09604	46.32913
2.10579	46.17809
2.10823	46.33753
2.07409	46.12775
2.06677	46.27879
2.08141	46.11096
2.08384	46.15292
2.04726	46.19488
2.04238	46.10257
2.08384	46.0774
2.09848	46.06901
2.07165	46.19488
2.08628	46.10257
2.12775	45.96831
2.13506	45.9767
2.06433	46.06901
2.07409	46.0774
2.06921	45.90957
2.12043	46.00188
2.10823	45.85923
2.09848	45.76692
2.08628	45.75014
2.11311	45.76692
2.10579	45.73336
2.07165	45.81727
2.08628	44.09708
1.95214	41.60489
1.89117	38.81901
1.80337	36.0667
1.65215	33.06265
1.57167	30.32712
1.43265	27.38181
1.33022	24.38615
1.24729	21.2814
1.18388	18.75565
1.06925	15.39917
1.01803	12.14339
0.84731	8.91278
0.76682	5.32134
0.67171	1.82221
0.60342	-1.92166
0.5083	-5.24606
0.35464	-8.04084
0.28635	-11.72376
0.15465	-15.08076
0.06685	-17.98146
-0.00632	-20.96365
-0.14777	-23.83176
-0.28192	-26.5858
-0.36972	-28.58207
-0.46971	-30.84723
-0.58922	-32.83536
-0.65263	-34.79904
-0.74531	-36.48568
-0.86726	-38.26196
-0.97701	-39.80194
-1.04286	-41.19526
-1.13798	-42.33598
-1.2331	-43.64782
-1.37212	-44.86188
-1.43065	-46.05964
-1.57211	-47.03741
-1.60625	-47.83592
-1.76235	-48.9522
-1.87454	-49.90552
-1.90624	-50.25589
-1.9477	-50.07663
-1.9038	-49.83219
-1.9477	-49.67738
-1.93307	-49.5959
-1.94283	-49.43294
-1.9599	-49.3759
-1.91112	-49.09072
-1.89893	-48.9685
-1.89893	-48.82183
-1.93551	-48.75665
-1.92819	-48.81368
-1.89649	-48.63443
-1.91844	-48.65887
-1.916	-48.67517
-1.91844	-48.63443
-1.89161	-48.57739
-1.91112	-48.53665
-1.91844	-48.43887
-1.89161	-47.57518
-1.79405	-45.6115
-1.71844	-43.63967
-1.63796	-41.35822
-1.50382	-39.36195
-1.38431	-37.22716
-1.28432	-34.9457
-1.1453	-32.95758
-1.10383	-30.80649
-0.97945	-28.52504
-0.92091	-25.9584
-0.80385	-23.4488
-0.70629	-20.93106
-0.57946	-18.28294
-0.47215	-15.21112
-0.39167	-12.53856
-0.31362	-9.49934
-0.2185	-6.3542
-0.07948	-2.80979
0.00588	-0.11279
0.12051	3.34941
0.1888	6.63876
0.34001	9.89455
0.40586	12.63847
0.5083	15.69287
0.60342	18.47874
0.73268	21.30658
0.83511	23.59738
0.89365	26.15669
1.00828	28.50623
1.12778	30.60403
1.20583	32.78574
1.34973	34.56467
1.45216	36.7296
1.51557	38.39106
1.65459	40.46369
1.73264	42.26779
1.87166	44.24812
1.98141	45.70819
2.06433	47.30251
2.12043	47.7892
2.05702	47.73886
2.11311	47.47034
2.11311	47.30251
2.0936	47.13469
2.0936	47.13469
2.08872	47.034
2.0936	46.89134
2.07409	46.68156
2.08628	46.69835
2.07653	46.53891
2.10823	46.58087
2.02531	44.50824
1.9497	41.87341
1.85946	39.08753
1.76191	36.20935
1.65215	33.18852
1.56679	30.69633
1.44728	27.68389
1.34241	25.01549
1.26924	21.87718
1.1912	19.27591
1.06437	16.17956
0.95462	12.82308
0.89853	9.70994
0.74243	6.4122
0.63024	2.98859
0.54976	-0.52834
0.4083	-3.67349
0.34977	-6.69641
0.25709	-10.09415
0.15221	-13.37781
0.01563	-16.18074
-0.07948	-19.01626
-0.19168	-21.77845
-0.27948	-24.56509
-0.34777	-26.65913
-0.52093	-29.06281
-0.53069	-30.90427
-0.65263	-32.97387
-0.76238	-34.57904
-0.86482	-36.33087
-0.97213	-37.78122
-1.09896	-39.23158
-1.15505	-40.44564
-1.24285	-41.85525
-1.36724	-43.01227
-1.4965	-44.373
-1.56723	-45.47298
-1.67942	-46.6463
-1.81112	-47.94184
-1.89649	-48.72406
-1.91112	-49.05813
-1.94039	-48.97664
-1.92088	-48.9359
-1.89161	-48.59369
-1.93551	-48.56109
-1.90868	-48.39813
-1.88429	-48.26776
-1.89161	-48.06406
-1.92331	-48.11295
-1.95258	-48.03147
-1.93307	-48.02332
-1.89649	-47.94184
-1.90624	-47.82777
-1.88917	-47.81147
-1.916	-47.81147
-1.92575	-47.66481
-1.87697	-47.55888
-1.85015	-46.06779
-1.74283	-44.10411
-1.67942	-42.04265
-1.56479	-39.80194
-1.44772	-37.83011
-1.35748	-35.62199
-1.2331	-33.32424
-1.12822	-31.14056
-1.09408	-28.82652
-0.94774	-26.31692
-0.8575	-23.70954
-0.76726	-21.33846
-0.62337	-18.48664
-0.55995	-16.00963
-0.39898	-12.7993
-0.34777	-10.39563
-0.2624	-7.29937
-0.09168	-4.21126
-0.02583	-0.93574
0.07661	1.7383
0.13758	5.03604
0.23758	8.28344
0.39123	10.95184
0.4644	13.67059
0.57903	16.6159
0.67171	19.192
0.7839	21.70096
0.85706	24.15119
0.92291	26.45038
1.08145	28.74957
1.13754	30.54529
1.25949	32.60952
1.38143	34.49754
1.47411	36.56178
1.60581	38.18967
1.66435	40.25391
1.84727	42.13353
1.85702	43.82856
1.99117	45.54875
2.11067	46.98365
2.09116	47.26056
2.13262	47.08434
2.11555	47.07595
2.08628	46.81582
2.08872	46.7403
2.13018	46.79065
2.07409	46.61444
2.10579	46.32913
2.06677	46.27879
2.10823	46.262
2.10579	46.15292
2.07897	46.11935
2.09116	46.13614
2.11067	46.03544
2.1375	46.05223
2.07653	45.95992
2.11067	45.94314
2.08628	45.84245
2.08141	45.86762
2.07897	45.52358
2.06677	42.98944
1.96921	40.34621
1.83507	37.69459
1.72776	34.84158
1.63752	31.82075
1.50826	29.27822
1.43997	26.66855
1.32046	23.68129
1.20827	20.88702
1.12535	18.1431
1.01072	15.01318
0.95218	11.73222
0.83024	8.82047
0.73268	5.40525
0.61073	2.05717
0.4961	-1.44907
0.38391	-4.2357
0.33513	-7.29937
0.22538	-10.29785
0.09612	-13.4267
-0.01607	-16.12371
-0.11607	-18.93478
-0.23558	-21.34661
-0.28923	-23.92954
-0.37703	-25.95025
-0.48191	-28.29689
-0.58922	-30.49687
-0.68434	-32.31388
-0.7819	-33.95979
-0.88921	-35.85014
-1.02091	-37.42271
-1.07945	-38.75084
-1.20871	-40.22564
-1.30383	-41.35822
-1.4087	-42.8982
-1.48919	-43.90856
-1.60625	-45.09002
-1.68186	-46.37742
-1.79405	-47.44481
-1.88673	-48.17814
-1.93063	-48.49591
-1.90624	-48.45517
-1.91844	-48.21888
-1.93063	-48.05592
-1.92575	-47.93369
-1.93307	-47.86036
-1.93551	-47.80333
-1.92575	-47.77073
-1.8721	-47.44481
-1.88673	-47.12704
-1.80137	-45.77446
-1.75259	-43.68041
-1.65259	-41.56192
-1.51601	-39.48417
-1.46236	-37.19456
-1.37212	-35.08422
-1.25749	-32.57462
-1.12335	-30.63538
-1.02335	-28.16652
-0.93311	-25.59989
-0.85506	-22.91918
-0.73556	-20.52365
-0.5941	-17.99776
-0.46727	-15.22742
-0.44288	-12.27783
-0.28435	-9.76823
-0.24777	-6.70456
-0.10875	-3.72238
-0.00144	-0.69945
0.09856	1.49496
0.06929	2.19142
0.101	2.25855
0.08392	2.04038
0.10343	2.10751
0.0888	1.7383
0.08636	1.67117
0.09856	1.68795
0.08148	1.453
0.12782	1.40265
0.07417	1.25161
0.09856	1.34391
0.07173	1.1677
0.06929	1.12574
0.05953	1.13413
0.09368	3.46689
0.29855	9.13934
0.50342	14.02302
0.69609	19.46891
0.87658	24.28545
1.0912	28.60692
1.28144	32.55079
1.49606	36.42752
1.71801	40.22034
1.92531	43.90408
2.09604	47.43677
2.30335	50.35691
2.49602	52.35402
2.70577	53.58752
2.96674	54.77068
3.14966	56.19718
3.33258	57.14539
3.53988	58.00968
3.71549	59.1425
3.95694	59.92288
4.14718	60.15783
4.18132	59.64597
4.20327	59.15928
4.16425	58.80685
4.13742	58.3789
4.21547	58.16073
4.13986	57.95095
4.1862	57.85864
4.15693	57.53139
4.11547	57.41391
4.14718	57.21252
4.17401	57.29643
4.16425	57.06148
4.13986	56.91044
4.15693	56.91044
4.14718	56.70905
4.14474	56.66709
4.16669	56.59157
4.14474	56.54122
4.14474	56.47409
4.15206	56.42375
4.17401	56.30627
4.09108	53.99869
3.91548	50.15552
3.71305	46.00188
3.55452	42.30136
3.31306	38.81901
3.10332	35.08493
2.92771	31.46832
2.71797	28.04471
2.51797	24.51202
2.35213	20.76954
2.11067	16.71659
1.9058	12.83147
1.66923	8.80369
1.48387	4.65005
1.29363	0.24467
1.11071	-3.93422
0.85219	-8.09788
0.69366	-12.19635
0.51317	-16.35185
0.27416	-20.17329
0.09368	-23.6688
-0.08924	-27.11543
-0.30387	-30.03243
-0.51605	-33.21017
-0.75263	-35.98865
-0.96482	-38.46566
-1.16481	-40.74711
-1.37212	-43.06116
-1.59162	-45.01669
-1.76722	-47.14333
-1.99648	-48.91146
-2.12087	-51.04625
-2.3233	-52.68401
-2.55256	-54.26473
-2.77938	-55.65805
-2.92815	-56.88025
-3.17205	-58.30616
-3.36472	-59.46319
-3.56715	-60.64465
-3.75983	-61.62242
-3.89641	-62.11945
-3.97689	-61.69575
-3.97201	-61.21502
-3.96226	-60.76687
-3.96958	-60.15577
-3.98909	-59.92763
-3.95738	-59.71578
-3.97201	-59.37356
-3.90372	-59.25134
-3.96226	-58.92541
-3.9964	-58.83579
-3.93543	-58.5506
-3.93299	-58.62394
-3.94275	-58.51801
-3.92567	-57.88246
-3.78178	-54.50917
-3.5891	-50.54107
-3.39155	-46.76852
-3.20375	-42.99598
-2.98669	-39.16639
-2.77938	-35.3694
-2.62329	-31.93092
-2.42817	-28.27245
-2.16233	-24.63027
-1.96234	-20.85772
-1.77698	-17.13406
-1.55748	-13.58966
-1.37456	-9.84156
-1.15993	-6.10975
-0.99408	-2.56535
-0.79165	0.83205
-0.55995	4.38153
-0.37216	7.46949
-0.18192	10.67493
0.02783	13.93071
0.25465	17.03546
0.39611	19.62834
0.6839	22.38065
0.8278	24.73858
1.02535	27.11329
1.21803	29.102
1.4107	31.22498
1.62045	33.07943
1.86434	34.95906
2.03507	36.95617
2.24969	38.83579
2.45456	40.75738
2.63748	42.53631
2.89845	44.3572
3.11307	46.60604
3.2716	48.94719
3.46184	51.17086
3.67646	53.20153
3.85695	55.21541
4.0862	57.01113
4.11791	57.05309
4.13011	56.49088
4.20571	56.20558
4.13742	56.02936
4.0984	55.63497
4.14474	55.42519
4.15937	55.54267
4.13986	55.2322
4.16181	55.09794
4.12279	54.9469
4.15937	55.0392
4.15449	54.92172
4.16181	54.58607
4.17888	54.55251
4.15693	54.26721
4.03743	50.82682
3.8667	46.83261
3.62525	42.57827
3.41794	39.18822
3.24965	35.63875
3.00576	32.29905
2.82772	28.80831
2.6765	25.61965
2.41798	22.46456
2.21555	18.84796
1.99117	15.39917
1.80825	11.91683
1.59362	8.51839
1.45948	4.885
1.23022	1.453
1.02779	-2.08462
0.78877	-5.53939
0.58878	-9.01046
0.38879	-11.9845
0.24001	-14.99928
0.02051	-17.94887
-0.23314	-21.06142
-0.42337	-23.94583
-0.64288	-26.74876
-0.80385	-29.40503
-1.02823	-32.11833
-1.22822	-34.70126
-1.43065	-36.93383
-1.64772	-39.43528
-1.82332	-41.22785
-2.01112	-43.14264
-2.23794	-44.69077
-2.43549	-46.27149
-2.61353	-47.85221
-2.85499	-49.69367
-3.07693	-51.52698
-3.25253	-53.28696
-3.43057	-55.11213
-3.69398	-56.80692
-3.83543	-58.33061
-3.94031	-58.86023
-3.98421	-58.72171
-4.02811	-58.47727
-3.99884	-58.13505
-4.01104	-57.99654
-4.01835	-57.61358
-4.00616	-57.40988
-3.95738	-57.28766
-3.99884	-57.15729
-3.96226	-56.92099
-3.94275	-56.84766
-3.97201	-56.81507
-3.9525	-56.6847
-3.96714	-56.54618
-3.97933	-56.65211
-3.97933	-56.52174
-3.9647	-56.48915
-3.96714	-56.38322
-3.99153	-56.33433
-4.00372	-56.481
-3.97933	-56.28545
-3.98909	-56.20397
-4.00372	-56.2773
-3.98909	-56.32619
-3.94031	-56.16323
-3.92324	-56.21211
-3.89397	-54.3951
-3.73056	-50.96477
-3.54276	-47.28185
-3.34521	-43.58264
-3.13058	-40.03009
-2.94766	-36.24939
-2.77694	-32.48499
-2.47207	-28.56578
-2.29159	-24.99693
-2.11111	-20.88217
-1.89161	-17.36221
-1.73552	-13.78522
-1.46236	-10.25711
-1.27456	-6.72901
-1.06481	-3.36386
-0.87214	0.00971
-0.67214	2.96342
-0.48191	6.05977
-0.2746	8.97151
-0.04534	11.81613
0.04978	13.25942
0.10831	13.67059
0.07417	13.44402
0.09368	13.25103
0.15953	13.11677
0.05953	12.90699
0.09124	12.77273
0.11075	12.58812
0.06197	12.58812
0.0571	12.53777
0.06929	12.4203
0.07661	12.33639
0.04978	12.46225
0.04246	12.33639
0.07905	12.38673
0.07661	12.41191
0.09612	12.21891
0.08636	12.05948
0.08392	12.01752
0.09124	12.10982
0.11319	12.08465
0.08148	11.91683
0.09612	12.06787
0.06929	13.19229
0.2644	16.54877
0.43025	19.13326
0.60585	21.72614
0.84243	23.94141
1.08145	26.25739
1.24729	28.13701
1.42046	29.94951
1.68386	31.81236
1.85702	33.6836
2.04726	35.37862
2.26676	37.0149
2.49358	38.83579
2.69114	40.66508
2.88381	42.3601
3.11307	44.42433
3.32282	46.648
3.52281	48.82132
3.74963	51.04499
3.87158	53.2267
4.06425	55.48393
4.28864	57.33
4.47399	59.16767
4.69838	60.65291
4.91544	62.03746
5.09836	63.17866
5.33981	64.33665
5.53981	65.46946
5.70077	66.32536
5.8715	67.31552
6.10808	68.16303
6.21295	67.56726
6.18612	66.81205
6.17637	66.28341
6.18612	65.70441
6.21051	65.41072
6.23002	65.06668
6.25929	65.05829
6.21051	64.70586
6.20807	64.40378
6.21051	64.30308
6.24466	64.20239
6.22271	64.07652
6.24466	63.89191
6.22514	63.94226
6.23002	63.73248
6.24953	63.64857
6.21295	63.38844
6.18124	63.44718
6.22271	63.27097
6.20807	63.30453
6.21295	63.06958
6.18612	63.17027
6.19588	62.89336
6.21295	63.09475
6.21051	62.88497
6.23246	62.78428
6.191	62.71715
6.1788	62.54093
6.21051	62.50737
6.19588	62.59967
6.20807	62.45702
6.17149	62.31437
6.23002	62.35632
6.16661	62.18011
6.15442	62.19689
6.20319	62.17172
6.22027	62.14654
6.18856	62.00389
6.20807	61.83607
6.191	61.86964
6.17637	61.93676
6.23978	61.72698
6.17637	61.94516
6.20563	61.7102
6.16173	61.71859
6.16661	61.66825
6.19832	61.60951
6.18368	61.54238
6.21051	61.47525
6.19832	61.39973
6.20563	61.49203
6.19588	61.38295
6.17393	61.49203
6.17393	61.26547
6.19588	61.47525
6.21051	61.38295
6.21295	61.2319
6.20319	61.20673
6.17637	61.22351
6.18856	61.08925
6.20563	61.0473
6.2349	60.96339
6.23978	60.98017
6.20075	60.99695
6.18612	61.01373
6.18856	61.08086
6.16417	60.92982
6.15929	60.90465
6.19832	60.80395
6.191	60.9466
6.17393	60.82074
6.20807	60.97178
6.19344	60.87947
6.19832	60.73682
6.1788	60.67808
6.19832	60.762
6.191	60.67808
6.22271	60.83752
6.15685	60.68648
6.17393	60.45152
6.14954	60.48509
6.20319	60.64452
6.20563	60.40118
6.18368	60.52704
6.14954	60.38439
6.19344	60.4767
6.1349	60.49348
6.14954	60.45152
6.18124	60.35922
6.17637	60.31726
6.18124	60.27531
6.17149	60.2837
6.17393	60.25852
6.16661	60.21657
6.21539	60.30048
6.16173	60.2837
6.17149	60.22496
6.20563	60.26692
6.21051	60.19979
6.17637	60.36761
6.17637	60.1914
6.1788	60.07392
6.18856	60.17461
6.25929	60.23335
6.16661	60.08231
6.21295	60.06553
6.18856	60.04035
6.19588	60.09909
6.19344	60.24174
6.19588	60.04874
6.18612	60.04035
6.18368	59.99001
6.18612	60.04874
6.17637	59.93966
6.20807	59.67953
6.20319	59.82218
6.14954	59.83896
6.14954	59.72988
6.15198	59.81379
6.19832	59.78023
6.191	59.7131
6.15929	59.69631
6.15442	59.67953
6.19344	59.83057
6.16173	59.72988
6.22758	59.57884
6.21295	59.57884
6.18368	59.6124
6.16905	59.56206
6.14954	59.55366
6.15685	59.53688
6.16661	59.57045
6.13734	59.58723
6.13978	59.46136
6.20807	59.5201
6.15929	59.43619
6.16417	59.36906
6.16417	59.50332
6.15198	59.47814
6.16661	59.37745
6.18612	59.36906
6.1788	59.4278
6.18612	59.36067
6.14222	59.44458
6.17393	59.53688
6.15929	59.36906
6.14222	59.36906
6.14466	59.41941
6.16417	59.41101
6.16417	59.3271
6.16905	59.46975
6.16661	59.29354
6.17637	59.27675
6.17393	59.25158
6.17149	59.2348
6.14954	59.20963
6.15442	59.16767
6.18856	59.11732
6.22027	59.1341
6.191	59.15089
6.21539	59.15928
6.18368	59.15089
6.17637	59.08376
6.13734	59.10054
6.18612	59.08376
6.16661	59.30193
6.15685	59.03341
6.1471	59.05019
6.18368	58.92432
6.17393	59.19284
6.15442	59.10054
6.18856	58.98306
6.18612	58.94111
6.15685	58.99985
6.18124	59.11732
6.15929	59.03341
6.11295	58.41246
5.99345	54.25882
5.79101	50.28139
5.57639	46.56409
5.41298	43.37543
5.20323	39.93504
4.97154	37.06525
4.74715	34.14511
4.54472	31.29211
4.36668	28.51462
4.14474	26.02243
3.91548	23.21138
3.75695	20.82828
3.54964	18.36127
3.37892	16.12921
3.13014	13.2762
2.94966	10.81758
2.76431	8.32539
2.55944	5.66538
2.38139	3.28228
2.14726	0.54675
1.94726	-1.7587
1.75947	-4.19496
1.54972	-6.7616
1.29119	-9.36897
1.12535	-11.5608
0.93755	-13.81781
0.7278	-15.99334
0.49366	-18.08739
0.34733	-20.27106
0.14977	-22.60955
-0.09168	-24.82582
-0.30631	-26.86284
-0.47703	-29.01392
-0.68922	-31.31167
-0.87701	-33.38128
-1.10627	-35.21459
-1.27944	-37.02345
-1.48187	-38.84862
-1.71844	-40.55971
-1.916	-42.02636
-2.06965	-43.34634
-2.32086	-44.52781
-2.54524	-46.08409
-2.71841	-47.55074
-2.96474	-49.07442
-3.11839	-50.73662
-3.30375	-52.4966
-3.44764	-53.93066
-3.72812	-55.60916
-3.94031	-57.10025
-4.12079	-58.61579
-4.29395	-59.88688
-4.51346	-61.25576
-4.6915	-62.535
-4.91832	-63.71647
-5.12563	-64.96312
-5.33781	-65.98163
-5.55488	-67.00013
-5.69878	-67.83123
-5.94023	-68.71937
-6.04998	-68.37715
-6.06949	-67.91272
-6.089	-67.3505
-6.05974	-66.99199
-6.07193	-66.57643
-6.0573	-66.20977
-6.07437	-65.70459
-6.05486	-65.60682
-6.03779	-65.52534
-6.02315	-65.2483
-6.04267	-64.84905
-6.01584	-65.07719
-6.05242	-64.81646
-6.0012	-64.66164
-6.03535	-64.68609
-6.0451	-64.48239
-5.97925	-62.32315
-5.78902	-59.22689
-5.62805	-55.56842
-5.40854	-51.93439
-5.18416	-48.46332
-4.98905	-45.03299
-4.8232	-41.58636
-4.5915	-38.43307
-4.38175	-34.66052
-4.1403	-31.40945
-3.94275	-28.42726
-3.75983	-25.3473
-3.5574	-21.95771
-3.35984	-18.82071
-3.17448	-16.05037
-2.94766	-13.10893
-2.75499	-10.62377
-2.58183	-7.89418
-2.3672	-5.33569
-2.1355	-2.96461
-1.95502	-0.60982
-1.78673	1.89773
-1.54528	4.17175
-1.32822	6.30311
-1.15749	8.19113
-0.95506	10.15467
-0.74043	12.14339
-0.56239	13.99784
-0.34777	15.89425
-0.1307	17.5641
0.05466	19.43534
0.27904	21.20588
0.44976	22.80021
0.64488	24.11763
0.87901	25.77909
1.06681	27.04616
1.31314	28.5314
1.48631	29.70617
1.70825	31.07393
1.88385	32.1564
2.10579	33.44025
2.3131	34.56467
2.52285	35.77301
2.70089	36.62891
2.93259	37.83724
3.14722	38.90292
3.35697	40.2623
3.49842	41.5042
3.72037	42.74609
3.8789	44.23973
4.06913	45.82566
4.30327	47.46195
4.51546	48.91362
4.7374	50.60865
4.96178	52.26171
5.10568	53.98191
5.31055	55.86993
5.53005	57.79151
5.73492	59.68792
6.01784	61.59273
6.11295	62.90175
6.13246	62.38989
6.17393	61.91159
6.16905	61.55916
6.18856	61.34099
6.17393	61.22351
6.17149	61.05569
6.17393	60.88786
6.191	60.62774
6.20319	60.54383
6.18612	60.32565
6.15929	60.2837
6.15929	60.183
6.21295	60.11587
6.20075	60.01518
6.20075	59.96483
6.17637	60.02357
6.17637	59.75505
6.15442	59.86414
6.18124	59.72988
6.15442	59.67114
6.14466	59.55366
6.17393	59.40262
6.16905	59.59562
6.23734	59.45297
6.16661	59.34388
6.18124	58.72294
5.94223	54.14134
5.76906	50.13874
5.552	46.455
5.36176	42.99783
5.20567	39.66652
4.94471	36.88064
4.73984	34.12833
4.54716	31.31728
4.3301	28.74957
4.17888	26.40004
3.95694	24.08407
3.73744	21.90235
3.57159	19.43534
3.34477	17.22006
3.11795	15.07192
2.97161	12.53777
2.74479	10.25537
2.48383	8.00653
2.30823	5.68216
2.10579	3.50045
1.93507	1.19287
1.74971	-0.99278
1.48631	-2.94016
1.29851	-5.0831
1.12047	-7.07937
0.92535	-9.13268
0.70585	-11.06377
0.48635	-12.75041
0.30343	-14.71409
0.11807	-16.51481
-0.05022	-18.38072
-0.28435	-20.22218
-0.538	-22.10437
-0.68434	-24.32064
-0.9136	-26.30877
-1.12822	-27.99542
-1.31358	-29.86947
-1.51601	-31.80055
-1.72088	-33.76423
-1.91844	-35.37755
-2.15501	-37.18642
-2.37939	-38.64492
-2.54036	-40.26638
-2.78182	-41.60266
-2.95986	-43.03672
-3.14766	-44.45448
-3.31838	-45.87224
-3.56471	-47.24111
-3.75739	-48.68331
-3.95006	-50.207
-4.15737	-51.53513
-4.30371	-53.10771
-4.52321	-54.59065
-4.68174	-56.12249
-4.95246	-57.5321
-5.16221	-59.07208
-5.36464	-60.54688
-5.56951	-61.87501
-5.74024	-63.23573
-5.98169	-64.47424
-5.99876	-64.49868
-6.05486	-64.1972
-6.04998	-63.85499
-6.06949	-63.41499
-6.08413	-63.27647
-6.06218	-62.9587
-6.06705	-62.85278
-6.04754	-62.68167
-6.07681	-62.39648
-6.05486	-62.29056
-6.03535	-62.19278
-6.02071	-62.11945
-6.03779	-61.98908
-6.02803	-61.87501
-6.0573	-61.84242
-5.9134	-59.67504
-5.79633	-56.42396
-5.5939	-53.04252
-5.36708	-49.60404
-5.18904	-46.16557
-4.98173	-42.93894
-4.76954	-39.27232
-4.57443	-36.08643
-4.35249	-32.8435
-4.16225	-29.74725
-3.9525	-26.28432
-3.79641	-23.2451
-3.54032	-20.14884
-3.35497	-17.27258
-3.14766	-14.4941
-2.94279	-11.7645
-2.74279	-9.2549
-2.57207	-6.78604
-2.35988	-4.43126
-2.11843	-2.06017
-1.95258	0.06006
-1.73796	2.4012
-1.5087	4.39831
-1.34041	6.38702
-1.12335	8.21631
-0.93555	10.0372
-0.71848	11.942
-0.52093	13.56989
-0.30874	15.24813
-0.09412	16.85924
0.02295	17.82423
0.01319	17.53893
0.04978	17.30398
0.09612	17.40467
0.03027	17.16972
0.06929	17.03546
0.03514	16.91798
0.03271	16.71659
0.04978	16.8005
-0.01119	16.75016
0.07661	16.52359
0.05222	16.43968
-0.01851	16.44807
0.0449	16.49003
0.0449	16.37255
0.03271	16.25508
0.06441	16.43968
0.04246	16.29703
-0.01607	16.19634
0.01807	16.15438
0.06929	15.99495
0.04002	16.02012
0.02539	16.05369
-0.02339	16.1376
0.07173	17.61445
0.24245	19.88007
0.40098	21.35693
0.60829	22.9093
0.79121	24.46167
1.06193	25.79587
1.21803	27.31468
1.46192	28.56497
1.65459	29.84882
1.81068	31.05715
2.07653	32.13123
2.22774	33.18013
2.52041	34.24581
2.67407	35.37862
2.85211	36.38556
3.08381	37.56033
3.29599	38.55049
3.46428	39.74204
3.66915	41.16855
3.8789	42.51114
4.06913	43.91247
4.29107	45.4061
4.46424	46.97526
4.67399	48.51924
4.87398	50.19748
5.11299	52.02676
5.29835	53.85604
5.4959	55.65176
5.68126	57.6153
5.87394	59.62079
6.13246	61.74377
6.34953	63.59822
6.54464	64.99116
6.73	66.54353
7.02999	67.88612
7.17389	68.93502
7.36656	70.23566
7.56655	71.14191
7.80801	72.18242
7.93971	73.02993
8.1397	73.30684
8.17872	72.59359
8.18848	71.86355
8.1958	71.3433
8.23482	71.09156
8.17141	70.81465
8.1958	70.51257
8.22263	70.1937
8.23238	69.94197
8.21043	69.78254
8.21287	69.50563
8.21043	69.38815
8.16409	69.39654
8.19336	69.13641
8.21287	69.11124
8.25189	68.96859
8.2275	68.83433
8.20555	68.6749
8.2714	68.58259
8.2714	68.56581
8.21287	68.43155
8.23482	68.2889
8.1958	68.20499
8.20068	68.28051
8.24214	68.1966
8.18848	68.12947
8.21531	68.07912
8.14946	67.89452
8.20799	67.99521
8.19824	67.8106
8.21043	67.77704
8.18604	67.69313
8.1958	67.60082
8.20555	67.5253
8.19092	67.55887
8.19824	67.45817
8.21043	67.3407
8.18604	67.41622
8.1519	67.30713
8.18848	67.29035
8.17385	67.20644
8.19092	67.20644
8.20799	67.18126
8.18116	67.24
8.18848	67.03022
8.18116	67.08057
8.17629	67.03022
8.17872	67.1477
8.21043	66.97988
8.18116	66.92114
8.21775	66.88757
8.16409	66.89596
8.18116	66.70297
8.19092	66.7617
8.17385	66.80366
8.18116	66.65262
8.17872	66.70297
8.21043	66.77849
8.1836	66.67779
8.20555	66.67779
8.16653	66.62744
8.21531	66.55192
8.21775	66.45123
8.17629	66.35054
8.22263	66.41766
8.19092	66.28341
8.21775	66.3841
8.2275	66.50158
8.1836	66.35893
8.1958	66.24984
8.17385	66.19949
8.22263	66.40088
8.19336	66.17432
8.16653	66.1911
8.16653	66.19949
8.18116	66.23306
8.20311	66.10719
8.19824	66.11558
8.16653	66.12397
8.20555	66.0065
8.19824	66.11558
8.24214	66.0065
8.19824	65.86385
8.26409	66.04006
8.18604	65.88902
8.20799	65.89741
8.18116	65.77154
8.18116	66.04006
8.19824	65.88063
8.20311	65.86385
8.1836	65.82189
8.17872	65.85545
8.19824	65.86385
8.18116	65.9981
8.19092	65.80511
8.23238	65.84706
8.17872	65.88063
8.22019	65.78832
8.2275	65.8135
8.17385	65.70441
8.20311	65.7128
8.21531	65.74637
8.18848	65.7212
8.20311	65.66246
8.21043	65.6205
8.22994	65.80511
8.18848	65.61211
8.17629	65.60372
8.22994	65.73798
8.21287	65.6205
8.22263	65.6205
8.21775	65.39394
8.17141	65.5282
8.20799	65.57854
8.16653	65.62889
8.17872	65.4275
8.21531	65.68763
8.18848	65.51142
8.17629	65.48624
8.20555	65.45268
8.22263	65.41072
8.22994	65.41911
8.22263	65.40233
8.21043	65.41072
8.20799	65.36877
8.20311	65.40233
8.20068	65.36037
8.23238	65.44429
8.21287	65.4275
8.22994	65.28485
8.18848	65.29324
8.22506	65.31842
8.21043	65.25968
8.18848	65.2429
8.16409	65.23451
8.23482	65.2429
8.17629	65.15059
8.22506	65.22611
8.19336	65.20094
8.17629	65.10025
8.18116	65.25968
8.18116	65.17577
8.1836	65.25129
8.21531	65.16738
8.23482	65.23451
8.21775	65.17577
8.19092	65.10864
8.23482	65.12542
8.22019	65.08346
8.19824	65.10025
8.16409	64.97438
8.17385	64.99116
8.20311	64.89886
8.19092	65.06668
8.19336	64.99116
8.22263	64.98277
8.20068	64.89886
8.13239	65.01633
8.18116	64.91564
8.18604	64.92403
8.20799	64.92403
8.21531	64.8569
8.22019	64.83173
8.20799	64.94921
8.22263	64.99116
8.19824	64.94921
8.19336	64.98277
8.22263	64.87368
8.22263	64.80655
8.19092	64.83173
8.19824	64.89886
8.2275	64.81495
8.22019	64.84851
8.18848	64.87368
8.26409	64.75621
8.1958	64.65551
8.1958	64.78977
8.19824	64.78977
8.20311	64.79816
8.1836	64.64712
8.20311	64.75621
8.19336	64.72264
8.17872	64.6723
8.19824	64.68069
8.20799	64.64712
8.20311	64.63034
8.21043	64.63873
8.2275	64.64712
8.20068	64.68069
8.21775	64.7646
8.24214	64.63873
8.21531	64.53804
8.22019	64.68908
8.21043	64.61356
8.21287	64.58838
8.22506	64.61356
8.2397	64.58838
8.19336	64.63034
8.19824	64.56321
8.21287	64.49608
8.20799	64.45412
8.21531	64.36182
8.17141	64.47091
8.23238	64.47091
8.20799	64.57999
8.19092	64.41217
8.22994	64.39539
8.20311	64.46252
8.21531	64.49608
8.1519	62.64163
7.94703	59.01663
7.76655	55.2322
7.56412	51.59881
7.36412	48.39337
7.14462	45.45645
6.97633	42.42723
6.80073	39.74204
6.54952	37.31699
6.36172	34.84997
6.16173	32.02214
5.8593	29.47122
5.6837	27.36502
5.49834	25.25044
5.29835	23.24495
5.06178	21.33175
4.85447	19.50247
4.68618	17.76549
4.51789	16.08725
4.25205	14.17406
4.08377	12.32799
3.85938	10.5071
3.66915	8.68621
3.49111	6.88211
3.25697	5.01087
3.03503	3.14802
2.85211	1.31035
2.66431	-0.39797
2.43017	-2.1661
2.27652	-3.99126
2.03507	-5.7105
1.8302	-7.1853
1.66435	-8.71713
1.43509	-10.23267
1.23266	-11.86228
1.09852	-13.43485
0.8717	-14.8852
0.61561	-16.52296
0.46927	-17.88369
0.21319	-19.53774
0.01807	-21.19994
-0.18924	-22.88659
-0.34777	-24.52435
-0.52093	-25.94211
-0.75263	-27.75912
-0.95506	-29.39688
-1.15749	-30.89612
-1.38919	-32.54203
-1.59162	-34.09016
-1.79893	-35.53236
-2.00624	-36.90938
-2.18916	-38.22122
-2.41598	-39.42713
-2.5989	-40.77971
-2.77206	-41.93673
-3.00376	-43.03672
-3.16717	-44.153
-3.38423	-45.6115
-3.60861	-46.78482
-3.82812	-47.95814
-4.0086	-49.14775
-4.16957	-50.48403
-4.40858	-51.93439
-4.6354	-52.97734
-4.80613	-54.28103
-5.00368	-55.51138
-5.22562	-56.79877
-5.43781	-58.33061
-5.63536	-59.57726
-5.8256	-60.91354
-5.99876	-62.30686
-6.24997	-63.43944
-6.43533	-64.6372
-6.63776	-65.88385
-6.85727	-67.00828
-7.02555	-67.9942
-7.24262	-68.73567
-7.4231	-69.78677
-7.66211	-70.76453
-7.8865	-71.57934
-8.00844	-71.63637
-8.08649	-70.97638
-8.07185	-70.21861
-8.07673	-69.73788
-8.08649	-69.37936
-8.04259	-69.11048
-8.03771	-68.69493
-8.10844	-68.56456
-8.06454	-68.36086
-8.01576	-67.9779
-8.05478	-67.83938
-8.08649	-67.79864
-8.04259	-67.7579
-8.06454	-67.61939
-8.04503	-67.43198
-8.05966	-67.26902
-8.03771	-67.26902
-8.0182	-67.34235
-8.07917	-67.12235
-8.07917	-67.04087
-8.05234	-66.91865
-8.07429	-66.90236
-8.05234	-66.78828
-7.99869	-66.81273
-7.99625	-66.75569
-8.04259	-66.54384
-8.08649	-66.62532
-8.08405	-66.57643
-8.02795	-66.5194
-8.07673	-66.55199
-8.0621	-66.49495
-8.05234	-66.27496
-8.0499	-66.38903
-8.05722	-66.2994
-8.00844	-66.16088
-8.06698	-66.20977
-8.0621	-66.112
-8.0938	-66.08755
-8.07429	-66.06311
-8.03771	-65.93274
-8.04746	-65.90015
-8.07429	-65.98978
-8.03039	-65.86755
-8.0499	-65.96533
-8.09868	-65.81867
-8.03283	-65.84311
-8.05234	-65.77793
-8.08649	-65.77793
-8.04503	-65.68015
-8.07185	-65.4683
-8.05234	-65.50904
-7.97186	-65.72089
-8.07185	-65.70459
-8.0499	-65.54978
-8.03039	-65.63941
-8.07673	-65.57422
-8.06454	-65.49274
-8.0621	-65.54163
-8.05722	-65.4846
-8.07673	-65.2646
-8.06698	-65.28904
-8.05234	-65.452
-7.99381	-65.19941
-8.06454	-65.24015
-8.03039	-65.27275
-8.05234	-65.32163
-8.05966	-65.27275
-8.04746	-65.2483
-8.05234	-65.29719
-8.0499	-65.17497
-8.0182	-65.02016
-8.06454	-65.08534
-8.05478	-65.08534
-8.04746	-65.10164
-8.04746	-65.0609
-8.0621	-65.07719
-8.07429	-65.10164
-8.08649	-65.06905
-8.06698	-64.86534
-8.04746	-65.0446
-8.07185	-64.98756
-8.0621	-64.95497
-8.06454	-64.89794
-8.11088	-64.96312
-8.0621	-64.97127
-8.06698	-64.87349
-8.12551	-65.02831
-8.07917	-64.83275
-8.05478	-64.73498
-8.05478	-64.75942
-8.06942	-64.68609
-8.01332	-64.68609
-7.94503	-62.02167
-7.76943	-58.50986
-7.57431	-55.07953
-7.32066	-51.76328
-7.10848	-48.68331
-6.8841	-45.55446
-6.70361	-42.35228
-6.48655	-39.23972
-6.31826	-36.06198
-6.11339	-32.99832
-5.90852	-29.86947
-5.71585	-27.04209
-5.53049	-24.20657
-5.24757	-21.43623
-5.07929	-18.6496
-4.95246	-16.22148
-4.71101	-13.79336
-4.49395	-11.5608
-4.28176	-9.40971
-4.07445	-7.39715
-3.91836	-5.39273
-3.67447	-3.49423
-3.47447	-1.75055
-3.2696	-0.03946
-3.11839	1.646
-2.86962	3.41654
-2.69645	4.84304
-2.47695	6.27794
-2.25989	7.76318
-2.07453	9.21486
-1.88917	10.5155
-1.65747	11.8413
-1.48431	13.12516
-1.31114	14.39223
-1.10627	15.80195
-0.89165	16.94315
-0.68434	18.11792
-0.47703	19.30108
-0.28192	20.45068
-0.07705	21.60866
0.15221	22.80021
0.39123	23.8575
0.56439	24.93997
0.76438	26.13991
0.99852	27.25594
1.12778	28.09506
1.37899	29.13557
1.58143	30.07538
1.7741	30.97324
1.93019	31.87949
2.17652	32.76057
2.40578	33.57451
2.58139	34.5395
2.79113	35.42897
2.9521	36.15061
3.16185	37.09042
3.38135	38.03024
3.53745	39.07914
3.78378	40.09447
4.01548	40.96716
4.18376	41.92376
4.38375	43.29991
4.62033	44.39916
4.84959	45.57393
5.013	46.53052
5.26908	47.89829
5.42518	49.11501
5.67151	50.42404
5.81053	51.79181
6.01052	53.34418
6.29587	55.08116
6.4666	56.44892
6.67635	57.83347
6.87634	59.41941
7.13243	61.18156
7.28364	62.5661
7.50802	64.06813
7.6885	65.65407
7.88605	67.16448
8.08605	68.36442
8.20799	68.3896
8.1836	67.8106
8.22506	67.48335
8.20799	67.07218
8.23726	66.77849
8.22506	66.56032
8.1958	66.3841
8.20555	66.01489
8.20555	65.88902
8.2275	65.75476
8.17629	64.33665
7.99824	60.95499
7.84215	56.81813
7.6446	53.25187
7.38363	49.63527
7.19828	46.648
7.02755	43.80338
6.7861	41.08464
6.61537	38.53371
6.41538	36.159
6.20807	33.55773
5.93491	31.06554
5.73492	28.95096
5.55688	26.90351
5.30323	25.05744
5.12519	23.21977
4.94471	21.50797
4.75447	19.84651
4.51789	18.15988
4.32034	16.36416
4.1423	14.83696
3.8789	13.2762
3.66671	11.50566
3.46916	10.08754
3.2716	8.57713
3.08381	6.80658
2.91552	5.24582
2.69358	3.78575
2.50578	2.23338
2.29603	0.70618
2.0936	-0.71574
1.85215	-2.28832
1.67167	-3.64904
1.48875	-5.0668
1.24973	-6.51716
1.1034	-7.74751
0.8717	-9.11638
0.64244	-10.55859
0.4522	-11.86228
0.31806	-13.36967
0.07417	-14.6978
-0.1307	-16.27037
-0.30387	-17.53332
-0.55264	-19.13848
-0.75019	-20.49921
-0.96725	-22.03919
-1.16725	-23.35103
-1.34773	-24.9073
-1.56479	-26.21099
-1.76478	-27.81616
-1.98429	-29.24207
-2.15501	-30.61909
-2.35988	-31.91463
-2.54768	-33.44646
-2.79157	-34.7583
-2.91352	-36.12717
-3.13302	-37.39012
-3.37692	-38.57973
-3.57203	-39.80194
-3.76714	-40.94267
-3.98421	-42.14858
-4.17201	-43.21597
-4.37688	-44.53596
-4.55248	-45.53817
-4.79393	-47.02111
-4.9671	-48.08036
-5.22075	-49.34331
-5.3744	-50.58181
-5.5939	-51.84476
-5.80853	-52.97734
-6.0134	-54.32991
-6.2329	-55.58471
-6.41094	-56.85581
-6.64752	-58.12691
-6.85239	-59.42245
-7.02068	-60.68539
-7.25481	-61.81797
-7.40115	-63.10537
-7.61821	-64.4335
-7.76211	-65.73719
-7.97917	-66.20162
-8.07917	-65.96533
-8.07185	-65.61496
-8.05966	-65.31349
-8.08405	-65.05275
-8.01332	-64.58016
-8.06942	-64.42535
-8.05966	-64.25424
-8.02551	-64.12387
-8.04503	-63.93647
-8.0621	-63.7898
-8.06454	-63.61054
-8.08893	-63.63499
-8.05478	-63.55351
-8.06942	-63.39869
-8.03771	-63.33351
-8.05234	-63.26018
-8.03039	-63.08907
-7.94747	-60.79947
-7.78162	-57.55654
-7.54017	-54.10177
-7.35969	-51.02995
-7.13287	-47.6811
-6.96214	-44.73151
-6.7402	-41.39896
-6.53533	-38.43307
-6.33046	-35.27977
-6.11096	-32.28129
-5.95974	-29.16059
-5.7378	-26.37395
-5.48171	-23.54658
-5.32562	-20.88217
-5.10612	-18.37257
-4.88417	-16.00149
-4.7232	-13.77707
-4.51833	-11.58524
-4.29639	-9.60527
-4.07201	-7.76381
-3.9208	-5.74309
-3.75007	-3.96682
-3.46472	-2.37795
-3.25253	-0.79723
-3.06229	0.65584
-2.92084	2.35086
-2.65012	3.97036
-2.49402	5.2626
-2.3233	6.56324
-2.0477	7.86388
-1.86966	9.05543
-1.6282	10.4148
-1.47699	11.57279
-1.28675	12.73916
-1.03554	13.86358
-0.83067	15.11387
-0.638	16.15438
-0.43801	17.37111
-0.22094	18.44518
-0.05753	19.65351
0.07417	19.89686
0.03758	19.60316
0.12539	19.61995
0.09124	19.43534
0.07173	18.999
0.09124	19.04935
0.09368	19.12487
0.09856	18.70531
0.10587	18.73048
0.07905	18.54587
0.05466	18.45357
0.09856	18.49553
0.04978	18.53748
0.14734	18.52909
0.06685	18.26057
0.02295	18.42001
0.06929	18.37805
0.02051	18.27736
0.04002	18.26057
0.04734	18.18505
0.05466	18.21023
0.10343	18.20183
0.06685	18.1347
0.09856	18.19344
0.07173	18.10114
0.03758	18.09275
0.07173	17.98366
0.09612	17.97527
0.06441	18.02562
0.06197	17.9501
0.05222	18.21023
0.09124	17.93332
0.03758	17.93332
0.04246	17.94171
0.04978	18.05918
0.06197	17.8578
0.06929	17.72354
0.09368	17.94171
0.06685	18.02562
0.05466	17.79906
0.06197	17.71514
0.09124	17.81584
0.05953	17.81584
0.07905	17.79906
0.03271	17.78227
0.06685	17.68158
0.04978	17.77388
0.03758	17.74871
0.04002	17.55571
0.05466	18.12631
0.22538	21.42405
0.39611	22.30513
0.58878	23.58898
0.83999	24.75536
1.04974	25.72035
1.18388	26.7189
1.41314	27.63354
1.63752	28.59853
1.90336	29.63904
2.02775	30.55368
2.20335	31.54384
2.43261	32.43331
2.6326	33.18013
2.81552	34.1535
3.02771	35.1101
3.25209	35.80657
3.43257	36.69604
3.65208	37.58551
3.85938	38.56728
4.11303	39.55744
4.27888	40.67347
4.45692	41.57972
4.63496	42.77127
4.84959	43.66912
5.09104	44.76837
5.24226	46.19488
5.53249	47.53747
5.6837	48.69545
5.87882	49.887
6.14954	51.72468
6.35929	53.28544
6.57879	54.81264
6.7422	56.22236
6.95194	57.73277
7.13974	59.46136
7.35437	60.82074
7.6007	62.37311
7.79825	64.04296
7.96166	65.44429
8.18116	66.93792
8.33482	68.59099
8.57871	69.76575
8.75431	71.04122
8.98601	72.09012
9.1543	73.10545
9.3616	74.15435
9.58111	74.80886
9.77378	75.60603
10.01524	76.18502
10.17133	76.40319
10.22498	75.69833
10.24206	74.99347
10.22498	74.36413
10.26645	73.84388
10.24937	73.43271
10.24694	73.26488
10.25181	72.87889
10.21523	72.75302
10.2884	72.56841
10.22011	72.2999
10.2323	72.04816
10.23962	71.98942
10.28352	71.83838
10.21767	71.69573
10.27132	71.6286
10.2323	71.39365
10.25425	71.36847
10.27132	71.3433
10.22011	71.25939
10.24206	71.11674
10.25913	70.94052
10.28596	70.89856
10.25913	70.82304
10.26889	70.83983
10.25669	70.47061
10.23474	70.63005
10.2445	70.37831
10.28352	70.3867
10.22498	70.28601
10.26401	70.34475
10.25181	70.13497
10.20547	70.08462
10.27864	70.1937
10.25913	69.95036
10.23474	69.96714
10.23474	69.84127
10.28108	69.95036
10.25425	69.79093
10.26645	69.87484
10.2445	69.79093
10.2006	69.63989
10.20303	69.59793
10.22986	69.52241
10.22011	69.52241
10.24206	69.47206
10.21279	69.40493
10.25181	69.34619
10.23962	69.49723
10.22986	69.27067
10.24206	69.30424
10.23962	69.16998
10.28108	69.16159
10.24694	69.1532
10.21523	69.09446
10.21767	68.9602
10.26401	68.93502
10.17133	67.18966
10.00548	63.83318
9.825	60.13266
9.68842	56.86009
9.40307	53.65465
9.21039	50.47439
9.05186	47.74725
8.78602	45.19632
8.62749	42.67896
8.37872	40.14482
8.19336	37.92115
8.02751	35.80657
7.77142	33.62486
7.59094	31.69488
7.38363	29.73134
7.17633	27.91045
6.97877	26.06439
6.78854	24.49523
6.56903	22.93447
6.37392	21.44923
6.15198	19.70386
5.92516	18.31931
5.73492	16.91798
5.53005	15.2817
5.31055	13.82163
5.11787	12.39512
4.87398	11.1784
4.69838	9.76029
4.49594	8.35057
4.274	6.87371
4.08133	5.4556
3.89353	4.07944
3.65208	2.79559
3.49111	1.51174
3.26429	0.09362
3.07893	-1.04981
2.85698	-2.52461
2.68138	-3.6083
2.48139	-4.74903
2.27896	-6.12605
2.06189	-7.25048
1.89849	-8.33417
1.65215	-9.46675
1.47655	-10.69711
1.29851	-11.7482
1.08632	-12.88078
0.86438	-14.13558
0.66195	-15.20298
0.44976	-16.32741
0.23514	-17.58221
0.06441	-18.87775
-0.17216	-20.05107
-0.38923	-21.13476
-0.55508	-22.35696
-0.7697	-23.79917
-1.0014	-24.7036
-1.20871	-26.02359
-1.39651	-27.18061
-1.56479	-28.32949
-1.78673	-29.56799
-1.9916	-30.60279
-2.17452	-31.93907
-2.39159	-32.8761
-2.55744	-33.86201
-2.7745	-34.962
-3.01108	-36.07013
-3.21839	-37.05605
-3.39399	-37.879
-3.55252	-38.84862
-3.82568	-39.58194
-4.02567	-40.38045
-4.1842	-41.36637
-4.37444	-42.4582
-4.65004	-43.58264
-4.80369	-44.63373
-4.98661	-45.64409
-5.23782	-46.73593
-5.44269	-47.94184
-5.62073	-49.01739
-5.83048	-50.12552
-6.01584	-51.43736
-6.2451	-52.64327
-6.40607	-53.86548
-6.64996	-55.17731
-6.80117	-56.23656
-7.02799	-57.5158
-7.21823	-58.83579
-7.43042	-60.21281
-7.63529	-61.36168
-7.86455	-62.41278
-8.03771	-63.50462
-8.21331	-64.64535
-8.45477	-65.54163
-8.67183	-66.53569
-8.84012	-67.22013
-9.0962	-67.93716
-9.28644	-68.77641
-9.44009	-69.55047
-9.6474	-70.01491
-9.90349	-70.34898
-10.01812	-69.90084
-10.03275	-67.91272
-10.06202	-64.14017
-10.1108	-60.2617
-10.07422	-59.08838
-10.02788	-58.46912
-10.06446	-57.96394
-10.03763	-57.68691
-10.04739	-57.46691
-10.03519	-57.14914
-10.02788	-57.03507
-10.08885	-57.02692
-10.03519	-56.96988
-10.03275	-56.76618
-10.0669	-56.74989
-10.02056	-56.63581
-10.03275	-56.75803
-10.04251	-56.4647
-10.01324	-56.54618
-10.08885	-56.44026
-10.0547	-56.37507
-10.06202	-56.35878
-10.0669	-56.30174
-10.09373	-56.29359
-10.04251	-56.13063
-10.06446	-56.0736
-10.07178	-56.06545
-10.05958	-56.15508
-10.08641	-55.92693
-10.02788	-55.8699
-10.04007	-55.86175
-10.08641	-55.95138
-10.07178	-56.01656
-10.04983	-55.74767
-10.0547	-55.84545
-10.07909	-55.8699
-10.06446	-55.80471
-10.06934	-55.78027
-10.07422	-55.81286
-10.06934	-55.64175
-10.08153	-55.70693
-10.08885	-55.58471
-10.0547	-55.60916
-10.07665	-55.54397
-10.05226	-55.4462
-10.08641	-55.45435
-10.05714	-55.4462
-10.09373	-55.47879
-10.09617	-55.38101
-10.0669	-55.40546
-10.04983	-55.33212
-10.07422	-55.36472
-10.04983	-55.32398
-10.07422	-55.30768
-10.01324	-55.34842
-10.04251	-55.36472
-10.07422	-55.27509
-10.04495	-55.12028
-10.06934	-55.25064
-10.07665	-55.21805
-10.08885	-55.07953
-10.08153	-55.10398
-10.04739	-54.92472
-10.05226	-54.89213
-10.04983	-54.70472
-10.06446	-55.0062
-10.05226	-54.94917
-10.08153	-54.90843
-10.08153	-54.93287
-10.07909	-54.88398
-10.07665	-55.0225
-10.07178	-54.94917
-10.08641	-54.87583
-10.06934	-54.88398
-10.08153	-54.77806
-10.06934	-54.85139
-10.05958	-54.77806
-10.11812	-54.76176
-10.05714	-54.8025
-10.07909	-54.75361
-10.09617	-54.71287
-10.05714	-54.68843
-10.01568	-54.52547
-10.05714	-54.64769
-10.09373	-54.76991
-10.06202	-54.56621
-10.05714	-54.66398
-10.04495	-54.72102
-10.07422	-54.54176
-10.07909	-54.5988
-10.05714	-54.52547
-10.04739	-54.50102
-10.08641	-54.63139
-10.08397	-54.59065
-10.03763	-54.62324
-10.07178	-54.54176
-10.07422	-54.43584
-10.06202	-54.59065
-10.07422	-54.46843
-10.06446	-54.47658
-10.03031	-54.42769
-10.09129	-54.35436
-10.04251	-54.43584
-10.06202	-54.41954
-10.08397	-54.3951
-10.04739	-54.50917
-10.05226	-54.42769
-10.05226	-54.40325
-10.0547	-54.56621
-10.02056	-54.3951
-10.02056	-54.3788
-10.01812	-54.24029
-10.0669	-54.3951
-10.0669	-54.30547
-10.04739	-54.41139
-10.07665	-54.05288
-10.08641	-54.25658
-10.04983	-54.1914
-10.06202	-54.25658
-9.99373	-52.41512
-9.84252	-49.1722
-9.64009	-46.02705
-9.39131	-43.03672
-9.22547	-40.3723
-8.99377	-37.60197
-8.80597	-35.08422
-8.62305	-32.58277
-8.38648	-30.05687
-8.1938	-27.66135
-7.95722	-25.40434
-7.7743	-23.27769
-7.57675	-21.06957
-7.36944	-18.73108
-7.21091	-16.80814
-6.9719	-15.06446
-6.81824	-12.94597
-6.59386	-11.24302
-6.35241	-9.53193
-6.22315	-7.69862
-5.97925	-5.88161
-5.77926	-4.14607
-5.54756	-2.63054
-5.38415	-1.06611
-5.17441	0.42927
-4.97198	1.85578
-4.75979	3.50884
-4.56224	4.57453
-4.34029	5.98425
-4.13542	7.10028
-3.94763	8.19113
-3.78178	9.37429
-3.47447	10.5071
-3.3696	11.58118
-3.1379	12.63008
-2.94766	13.77128
-2.76474	14.75305
-2.51354	15.91943
-2.33305	16.76694
-2.12575	17.97527
-1.92819	18.91509
-1.73064	19.98077
-1.47455	20.78632
-1.29651	21.83522
-1.14774	22.78343
-0.86482	23.83233
-0.68678	24.73858
-0.40874	25.71196
-0.30874	26.60143
-0.09168	27.37342
0.08392	28.43071
0.29367	29.295
0.49366	30.1509
0.69609	30.95646
0.91072	31.72006
1.1473	32.59274
1.37168	33.50738
1.52289	34.23742
1.71557	34.92549
1.94239	35.60518
2.14726	36.40235
2.34237	37.23307
2.56919	37.84563
2.75455	38.67636
2.9521	39.13788
3.1521	39.8763
3.37648	40.43012
3.54476	41.13498
3.73744	41.9741
4.00328	42.81322
4.14474	43.62717
4.39351	44.39077
4.54472	45.12919
4.75447	46.04383
4.95934	46.90813
5.15689	47.73886
5.35689	48.76258
5.55444	49.56814
5.78126	50.64221
6.01052	51.64076
6.23734	52.81553
6.46172	53.705
6.64464	54.78746
6.87146	55.94545
7.07633	57.01952
7.29583	57.96773
7.45436	59.15089
7.66655	60.41796
7.91288	61.27386
8.07141	62.49058
8.29092	63.48914
8.49579	64.56321
8.67627	65.6205
8.87626	66.69457
9.05674	67.60922
9.28844	68.58259
9.53721	69.5308
9.6933	70.2021
9.93231	71.09995
10.12499	71.88873
10.22255	71.71251
10.28352	70.78109
10.23474	70.2944
10.29084	69.74058
10.27132	69.26228
10.23962	69.25389
10.24206	68.93502
10.2445	68.72524
10.23962	68.4819
10.25913	68.42316
10.2445	68.23855
10.27376	67.99521
10.23474	67.82739
10.21523	67.80221
10.29084	67.88612
10.26401	67.65956
10.21767	67.45817
10.27864	67.30713
10.25669	67.24839
10.26157	67.19805
10.23962	67.23161
10.24694	67.06379
10.2323	66.92114
10.29327	66.91275
10.2762	67.00505
10.2762	66.71136
10.29327	66.78688
10.26889	66.6694
10.22255	66.70297
10.23962	66.63584
10.30059	66.55192
10.26157	66.45962
10.25425	66.4764
10.26889	66.39249
10.22255	66.46801
10.23474	66.34214
10.21035	66.23306
10.24206	66.24145
10.22498	66.26662
10.26157	66.16593
10.23962	66.10719
10.24937	66.11558
10.24694	66.16593
10.2445	66.03167
10.2762	66.17432
10.22986	66.0065
10.22742	65.9058
10.26889	65.91419
10.22742	65.9058
10.23962	65.70441
10.23718	65.72959
10.25913	65.65407
10.22498	65.57015
10.26157	65.70441
10.23718	65.47785
10.20547	65.48624
10.2445	65.68763
10.26401	65.47785
10.2323	65.59533
10.27132	65.56176
10.23962	65.39394
10.27132	65.45268
10.27864	65.36037
10.22986	65.30164
10.2445	65.36877
10.24694	65.25129
10.21523	65.21772
10.20791	65.25129
10.21767	65.23451
10.25669	65.15899
10.25913	65.11703
10.20791	65.23451
10.21035	65.17577
10.24206	65.12542
10.24694	65.20094
10.24937	65.04151
10.2445	65.0499
10.19816	65.03312
10.25425	65.10025
10.27864	64.96599
10.20547	65.02473
10.23718	64.94081
10.22011	65.01633
10.25425	65.03312
10.22986	64.94081
10.2445	64.80655
10.23474	64.89047
10.24694	64.84851
10.2445	64.81495
10.20303	64.80655
10.23474	64.78977
10.20791	64.81495
10.24694	64.84012
10.21767	64.83173
10.23474	64.70586
10.22742	64.59677
10.22255	64.64712
10.25669	64.73943
10.25913	64.77299
10.2445	64.58838
10.26645	64.62195
10.21279	64.68908
10.25425	64.57999
10.24937	64.41217
10.21279	64.4793
10.22986	64.68069
10.26645	64.57999
10.25181	64.54643
10.24937	64.55482
10.30547	64.53804
10.29571	64.57999
10.24206	64.42056
10.27864	64.32826
10.25669	64.43734
10.23962	64.48769
10.25181	64.37021
10.2445	64.2863
10.22255	64.37021
10.26889	64.32826
10.25181	64.2863
10.29571	64.32826
10.25425	64.31987
10.23474	64.18561
10.21279	64.40378
10.22498	64.25274
10.2323	64.16043
10.23474	64.21078
10.22011	64.39539
10.2762	64.37021
10.23962	64.15204
10.20303	64.23595
10.26645	64.23595
10.25669	64.13526
10.30059	63.95065
10.25669	64.194
10.23962	64.16043
10.27376	63.91709
10.2762	63.97583
10.24694	64.13526
10.24206	64.16043
10.25669	64.18561
10.22011	64.05135
10.23718	64.05974
10.19816	64.05135
10.21279	63.93387
10.16401	63.94226
10.24937	64.14365
10.28352	64.01778
10.2445	64.04296
10.24694	63.92548
10.22986	63.91709
10.25181	63.95904
10.25425	63.9087
10.22498	63.84996
10.25913	63.87513
10.22498	63.95904
10.23718	63.88352
10.23718	63.87513
10.28108	63.92548
10.22498	64.03456
10.24937	63.84157
10.2445	63.89191
10.19816	63.78283
10.26157	63.81639
10.23718	63.82478
10.28108	63.79961
10.24694	63.64018
10.21279	63.72409
10.22742	63.70731
10.19816	63.84996
10.25425	63.808
10.25181	63.74087
10.22986	63.77444
10.24206	63.88352
10.29327	63.67374
10.24937	63.73248
10.24206	63.7157
10.23718	63.69892
10.23718	63.91709
10.22742	63.68213
10.24937	63.615
10.22011	63.68213
10.27132	63.57305
10.22498	63.64857
10.2884	63.77444
10.21767	63.56466
10.2323	63.58144
10.22498	63.53109
10.27864	63.59822
10.23962	63.6234
10.25913	63.60661
10.24206	63.60661
10.24694	63.57305
10.23474	63.64857
10.19328	63.55627
10.21035	63.53109
10.23962	63.58144
10.22742	63.53948
10.24937	63.33809
10.15182	60.69487
9.97865	57.11183
9.7372	53.64626
9.58355	50.71773
9.35673	47.88151
9.12503	44.96976
8.9543	42.41884
8.75187	40.04413
8.53969	37.67781
8.32262	35.44575
8.13239	33.23047
7.96898	31.36763
7.75191	29.27822
7.52509	27.42376
7.33973	25.77909
7.1056	24.09246
6.90804	22.38065
6.69586	21.05484
6.57879	19.61156
6.38855	18.21023
6.09344	16.44807
5.86418	15.17261
5.66419	13.8468
5.48859	12.25247
5.28616	11.04414
5.03251	9.89455
4.8252	8.56035
4.62033	7.31006
4.40327	6.05977
4.23986	4.76752
4.02035	3.57597
3.82036	2.45155
3.60817	1.20965
3.4033	0.10202
3.19356	-1.00907
2.99113	-2.19869
2.79601	-3.12757
2.61065	-4.26015
2.41554	-5.40902
2.20579	-6.36234
2.02775	-7.47048
1.80581	-8.55417
1.59606	-9.70304
1.35704	-10.81118
1.21315	-11.7482
0.98389	-12.91337
0.74487	-14.02966
0.59366	-15.13779
0.39367	-16.13185
0.18392	-17.1911
0.00344	-18.42146
-0.21119	-19.5133
-0.4502	-20.62958
-0.67214	-21.65623
-0.85262	-22.86214
-1.01116	-23.95398
-1.2209	-25.00508
-1.45992	-26.13766
-1.64284	-27.2132
-1.816	-28.10949
-2.06721	-29.35614
-2.27452	-30.21168
-2.45012	-31.21389
-2.62329	-31.93092
-2.83547	-32.94128
-3.01108	-33.78053
-3.24765	-34.73385
-3.4135	-35.50792
-3.67447	-36.32272
-3.87202	-37.2353
-4.02567	-37.83011
-4.28176	-38.5064
-4.43297	-39.24787
-4.68662	-39.81009
-4.88174	-40.30712
-5.08173	-41.12192
-5.24026	-41.87969
-5.48659	-42.72709
-5.67195	-43.18338
-5.86462	-44.14485
-6.09632	-44.84558
-6.27436	-45.47298
-6.48655	-46.20631
-6.70361	-46.83371
-6.88653	-47.21667
-7.10848	-47.57518
-7.30115	-47.78703
-7.5109	-47.50185
-7.71333	-47.62407
-7.91088	-47.70555
-8.0621	-47.66481
-8.32062	-48.05592
-8.50354	-48.00703
-8.70354	-48.17814
-8.90597	-47.9174
-9.15718	-47.19222
-9.33278	-47.23296
-9.55228	-47.0863
-9.7352	-47.10259
-9.95715	-46.98037
-10.04739	-46.43445
-10.01568	-45.82335
-10.07909	-45.53817
-10.04739	-45.24484
-10.09129	-45.00854
-10.04007	-44.69077
-10.04007	-44.60929
-10.04251	-44.373
-10.07178	-44.43003
-10.02544	-44.25892
-10.04007	-44.23448
-10.04739	-44.12855
-10.04251	-44.00633
-10.00836	-44.08781
-10.07909	-43.82708
-10.04007	-43.85967
-10.04007	-43.90041
-10.07909	-43.76189
-10.05714	-43.69671
-10.03275	-43.81078
-10.05714	-43.75374
-10.07178	-43.65597
-10.04739	-43.5419
-10.00349	-43.53375
-10.04739	-43.5093
-10.03031	-43.66412
-10.04739	-43.63152
-10.09129	-43.51745
-10.06934	-43.53375
-10.04739	-43.51745
-10.06202	-43.40338
-10.03031	-43.42782
-10.06446	-43.42782
-10.02544	-43.45227
-10.0547	-43.5093
-9.97666	-43.5256
-10.04983	-43.46041
-10.023	-43.37893
-10.023	-43.27301
-10.0547	-43.33005
-10.04739	-43.27301
-10.0547	-43.29745
-10.04007	-43.20782
-10.06934	-42.97968
-10.06202	-43.16708
-10.07422	-43.24042
-10.07178	-43.19153
-10.07178	-43.09375
-10.04983	-43.12634
-10.05226	-43.21597
-10.06934	-43.1019
-10.01568	-43.05301
-10.01812	-42.86561
-10.04983	-43.00412
-10.08885	-42.95524
-10.09373	-43.00412
-10.04495	-42.95524
-10.03519	-42.97968
-10.04739	-42.97968
-10.0986	-42.90635
-9.99617	-42.9145
-10.02788	-42.6782
-10.05226	-42.76783
-10.023	-42.73524
-10.08641	-42.87375
-10.07422	-42.71894
-10.08397	-42.8982
-10.07178	-42.78413
-10.0669	-42.84931
-10.05714	-42.80857
-10.01568	-42.64561
-10.04739	-42.78413
-10.07665	-42.63746
-10.04495	-42.71079
-10.07422	-42.74339
-10.07665	-42.71894
-10.03275	-42.62117
-10.02788	-42.6782
-10.05714	-42.56413
-10.05714	-42.75153
-10.03275	-42.68635
-10.04495	-42.63746
-10.07422	-42.61302
-10.04983	-42.52339
-10.04495	-42.71894
-10.01324	-42.43376
-10.04007	-42.63746
-10.03275	-42.66191
-10.01812	-42.59672
-9.97666	-42.58857
-10.05714	-42.61302
-10.02544	-42.59672
-10.01324	-40.78785
-9.81325	-37.44715
-9.57423	-34.69311
-9.35473	-31.89018
-9.16693	-29.38873
-8.94499	-27.0258
-8.71817	-25.20063
-8.57427	-23.17992
-8.40843	-21.32216
-8.18404	-19.47255
-8.00356	-17.66369
-7.76455	-16.09926
-7.55236	-14.2578
-7.33774	-12.51412
-7.08653	-11.02303
-6.95239	-9.41786
-6.71093	-7.78825
-6.48411	-6.17494
-6.34265	-4.6431
-6.15973	-3.12757
-5.93535	-1.62018
-5.71585	-0.25945
-5.55244	1.44461
-5.32318	2.88789
-5.12075	4.29762
-4.92807	5.70734
-4.74759	7.12545
-4.55736	8.38413
-4.20615	9.85259
-4.10372	11.01058
-3.93787	12.17695
-3.70861	13.62024
-3.53545	14.74466
-3.34521	15.92782
-3.11839	17.06063
-2.9184	18.40322
-2.71353	19.48569
-2.52329	20.70241
-2.28671	21.79327
-2.03551	23.06873
-1.87697	24.02533
-1.65747	25.30918
-1.46723	26.31612
-1.28188	27.46572
-1.11115	28.34679
-0.89165	29.34535
-0.67214	30.50333
-0.47947	31.36763
-0.29167	32.35779
-0.06485	33.18852
0.07905	33.5829
0.07661	33.13817
0.06929	32.92839
0.07173	32.60952
0.05953	32.28227
0.09612	32.13962
0.13026	32.09766
0.07661	31.87949
0.11563	31.8711
0.09368	31.66971
0.13026	31.66132
0.04734	31.45154
0.09612	31.45993
0.10587	31.35924
0.12295	31.40958
0.08148	31.23337
0.07905	31.11589
0.101	31.21658
0.11563	31.09911
0.07661	31.13267
0.08636	31.05715
0.07173	30.94807
0.08148	31.22498
0.09612	30.9145
0.08148	30.93968
0.12051	30.93128
0.11319	30.78024
0.07905	30.88933
0.10831	30.75507
0.08392	30.78863
0.20099	34.23742
0.4083	36.27648
0.64	36.89743
0.78877	37.93794
1.01072	38.76027
1.18144	39.784
1.4668	40.57277
1.59606	41.29442
1.83507	41.99088
2.05702	42.83
2.2375	43.58521
2.43505	44.31525
2.63748	45.01172
2.84479	45.76692
3.03747	46.54731
3.23014	47.51229
3.47159	48.2675
3.63744	48.98075
3.84719	50.01287
4.04962	50.78486
4.31302	51.66594
4.51789	52.66449
4.66911	53.41131
4.90081	54.49377
5.06178	55.18185
5.30079	56.04614
5.49834	56.91883
5.68858	57.7999
5.89101	58.55511
6.12027	58.79846
6.34221	59.62079
6.58854	60.4683
6.7739	61.45008
6.94463	61.88642
7.19828	62.23885
7.3812	62.80106
7.59338	63.17866
7.80069	63.7157
7.98361	64.13526
8.14702	64.58838
8.35921	65.09186
8.58359	65.9058
8.76651	66.71975
9.00308	67.38265
9.21039	68.13786
9.40063	68.90146
9.57867	69.4385
9.75671	70.06784
9.95426	70.73074
10.17133	71.32652
10.41034	71.85516
10.61277	72.52646
10.85423	73.17258
11.03471	73.71801
11.23714	74.16274
11.36884	74.03687
11.58103	74.43126
11.79322	74.88438
12.0176	75.30394
12.24442	75.31234
12.2932	74.66621
12.29563	73.90261
12.32978	73.13062
12.30783	72.75302
12.29807	72.38381
12.35417	72.07333
12.34441	71.87194
12.32002	71.62021
12.35417	71.41043
12.30539	71.22582
12.32734	71.06639
12.34197	70.80626
12.33953	70.78109
12.31027	70.56292
12.33222	70.28601
12.34685	70.36992
12.29807	70.1937
12.34929	70.24405
12.31515	70.26923
12.31758	70.03427
12.30295	70.04266
12.33222	69.86645
12.34197	69.84127
12.31271	69.82449
12.32002	69.60632
12.29807	69.68184
12.2932	69.61471
12.28588	69.48045
12.28344	69.37976
12.31271	69.25389
12.32002	69.28745
12.30295	69.06089
12.34441	69.11963
12.34685	69.04411
12.2932	68.98537
12.30295	69.01894
12.3249	68.90146
12.31758	68.92663
12.32734	68.81755
12.32002	68.83433
12.26637	66.64423
12.06394	63.21223
11.8737	59.96483
11.67371	56.62514
11.44933	53.71339
11.3347	50.94429
11.0591	48.43533
10.85423	46.05223
10.61521	43.49291
10.43473	41.4958
10.22255	39.32248
10.02012	37.08203
9.84695	35.05975
9.67623	33.28082
9.41282	31.31728
9.21283	29.59708
9.02747	27.85171
8.82016	26.49234
8.62993	24.78053
8.41286	23.44633
8.24214	21.8604
8.008	20.64367
7.82508	19.20878
7.61533	17.97527
7.4129	16.7082
7.23486	15.55861
7.0495	14.29154
6.75195	12.9909
6.60318	12.00074
6.40806	10.75045
6.18368	9.39947
5.94711	8.09044
5.72272	7.01636
5.57151	5.65699
5.29591	4.55774
5.1008	3.41654
4.93007	2.37603
4.70325	1.24322
4.53497	0.29501
4.31059	-0.79723
4.12523	-1.87277
3.91548	-2.78535
3.71793	-3.85274
3.48379	-4.78977
3.30575	-5.85716
3.09356	-6.87567
2.90332	-7.95936
2.72772	-8.86379
2.48139	-9.85786
2.28628	-10.74599
2.0936	-11.78894
1.88385	-12.78301
1.66191	-13.77707
1.47411	-14.92594
1.30827	-15.9526
1.0912	-16.86518
0.88145	-18.00591
0.67171	-19.057
0.47415	-19.9044
0.26684	-20.93106
0.03758	-21.89253
-0.17704	-22.87844
-0.36972	-23.83176
-0.538	-24.74434
-0.80141	-25.69767
-0.9453	-26.46358
-1.10627	-27.4332
-1.33797	-28.12578
-1.58186	-29.02207
-1.8282	-29.86132
-1.93795	-30.62724
-2.15501	-31.37686
-2.36232	-32.0287
-2.5428	-32.4524
-2.75743	-32.92499
-2.97693	-33.30794
-3.16717	-33.61757
-3.39155	-33.81312
-3.57691	-34.08201
-3.78422	-34.04942
-3.98177	-34.30201
-4.19883	-34.49756
-4.38419	-34.81533
-4.56955	-34.92941
-4.81588	-34.97829
-5.01832	-35.182
-5.23294	-35.37755
-5.42318	-35.60569
-5.58659	-35.69532
-5.80609	-36.07828
-6.04267	-36.2005
-6.24266	-36.36346
-6.45241	-36.6079
-6.65728	-36.81975
-6.84995	-37.09679
-7.04994	-37.27604
-7.26457	-37.38197
-7.43773	-37.80567
-7.64748	-37.80567
-7.85479	-38.18863
-8.02795	-38.46566
-8.26697	-38.62862
-8.45233	-38.76714
-8.63281	-39.06047
-8.84743	-39.28861
-9.03523	-39.42713
-9.23522	-39.68787
-9.44985	-39.84268
-9.66935	-40.24193
-9.86203	-40.6086
-10.08885	-40.76341
-10.28396	-40.64934
-10.46444	-40.95896
-10.70834	-41.12192
-10.87418	-41.4234
-11.09857	-41.48044
-11.29856	-42.00191
-11.51318	-41.98562
-11.69854	-42.05895
-11.85951	-42.40932
-11.99853	-42.05895
-12.09853	-41.92043
-12.0595	-41.68414
-12.03755	-41.27674
-12.06926	-41.2197
-12.08633	-40.85304
-12.09121	-40.75526
-12.10097	-40.52712
-12.03511	-40.43749
-12.03024	-40.38045
-12.08145	-40.30712
-12.07658	-40.08712
-12.06194	-40.13601
-12.06682	-39.9649
-12.06926	-40.02194
-12.03999	-39.86712
-12.04487	-39.9486
-12.08145	-39.85898
-12.03999	-39.86712
-12.04243	-39.71231
-12.03511	-39.81009
-12.08145	-39.72861
-12.03755	-39.81824
-12.03268	-39.7449
-12.0156	-39.47602
-12.04487	-39.67972
-12.03755	-39.52491
-12.04975	-39.5412
-12.07902	-39.46787
-12.06926	-39.5575
-12.05219	-39.53305
-12.04243	-39.44343
-12.05463	-39.50046
-12.06438	-39.52491
-12.05706	-39.46787
-11.94244	-37.17827
-11.75464	-34.57904
-11.55952	-32.2487
-11.301	-30.29317
-11.11564	-28.2643
-10.91077	-26.54506
-10.71809	-24.7199
-10.50834	-23.00066
-10.29128	-21.61549
-10.10104	-20.08366
-9.92056	-18.58442
-9.72789	-17.04444
-9.51326	-15.65112
-9.28888	-14.22521
-9.10596	-12.68523
-8.87426	-11.21043
-8.70598	-9.82526
-8.50842	-8.50528
-8.24258	-6.87567
-8.09868	-5.34384
-7.84747	-3.90978
-7.71089	-2.30461
-7.49627	-0.78908
-7.28652	0.53836
-7.06945	2.45994
-6.88653	3.86127
-6.69874	5.43882
-6.47923	6.82337
-6.25241	8.68621
-6.06218	10.0372
-5.88413	11.6567
-5.64512	13.21746
-5.45488	14.82018
-5.26465	16.26347
-5.01588	17.82423
-4.84027	19.46891
-4.62809	21.02128
-4.47199	22.64078
-4.30859	24.10085
-4.04518	25.64483
-3.88909	27.29789
-3.66471	28.909
-3.44277	30.3439
-3.25009	32.0641
-3.0501	33.65842
-2.84279	35.14367
-2.66963	36.49465
-2.44281	37.83724
-2.21599	38.99523
-2.00868	40.02734
-1.82088	40.97555
-1.64772	41.31959
-1.41846	42.11675
-1.18188	43.023
-1.02335	43.82856
-0.81116	44.70963
-0.61361	45.24667
-0.38435	46.1697
-0.20875	46.841
-0.01363	47.62977
0.24733	48.3598
0.37172	49.0311
0.61561	49.68561
0.77658	50.39887
1.06925	51.20442
1.21315	51.86733
1.41802	52.63932
1.62289	53.2267
1.83751	53.87282
2.0497	54.30916
2.32286	54.95529
2.41554	55.50072
2.63748	56.02936
2.8765	56.68387
3.03503	57.10343
3.30331	58.00968
3.47403	58.46281
3.62769	59.06697
3.85695	59.51171
4.0423	60.30887
4.28132	60.67808
4.43497	61.28225
4.64228	61.70181
4.86422	62.22207
5.04714	62.68358
5.24957	63.30453
5.47639	63.58983
5.67151	64.08491
5.88857	64.48769
6.1349	65.0499
6.33733	65.22611
6.54708	64.90725
6.75683	64.97438
6.93975	65.27646
7.16413	65.73798
7.35681	65.67085
7.57143	66.17432
7.76899	66.33375
7.97629	66.73653
8.16165	67.00505
8.43725	67.36587
8.5592	67.83578
8.76407	68.34764
9.01528	68.69168
9.22259	69.17837
9.42014	69.6231
9.58599	69.90001
9.78354	70.28601
10.0128	70.69718
10.19816	71.13352
10.43961	71.38525
10.6079	71.68734
10.79082	71.72929
11.02495	71.65377
11.18348	71.41043
11.4225	71.72929
11.62005	72.14046
11.80541	72.32507
12.0054	72.56002
12.16393	72.91245
12.32734	72.11529
12.32734	71.26778
12.31758	70.65522
12.3371	70.16014
12.32734	69.75736
12.34929	69.5308
12.32002	69.32102
12.35173	69.13641
12.32978	68.92663
12.34197	68.8595
12.34197	68.64133
12.29807	68.50707
12.32246	68.46512
12.33222	68.12947
12.35661	68.11269
12.34929	67.91969
12.33466	67.87773
12.32246	67.86934
12.33222	67.74347
12.3249	67.60922
12.31515	67.626
12.30051	67.50852
12.34197	67.33231
12.30295	67.22322
12.31271	67.1477
12.29807	65.69602
12.12247	62.44863
11.92004	59.46136
11.74444	56.53283
11.5103	53.67143
11.30299	51.38064
11.08349	48.75419
10.89813	46.42983
10.69082	43.94603
10.45912	41.86502
10.31523	39.64135
10.06402	37.50159
9.87134	35.42058
9.68354	33.38151
9.4738	31.53545
9.27868	29.59708
9.09332	27.72585
8.89089	26.19026
8.70066	24.39454
8.4275	22.7163
8.27872	21.24784
8.06653	19.6619
7.84703	18.31931
7.65436	16.8089
7.45924	15.53343
7.26413	14.24119
7.06414	12.93216
6.83	11.54761
6.70317	10.49032
6.43733	9.29038
6.19588	7.79675
5.99101	6.61359
5.81784	5.35491
5.57151	4.13818
5.36664	3.14802
5.16177	1.96486
4.94471	0.93274
4.75447	-0.03131
4.55448	-1.04981
4.374	-2.10906
4.18132	-3.16016
3.90085	-4.0157
3.76914	-5.04236
3.61793	-5.87346
3.31794	-6.92456
3.12039	-7.91047
2.89601	-8.88824
2.69358	-9.6623
2.557	-10.70525
2.32042	-11.38154
2.11067	-12.30227
1.92531	-12.96226
1.75215	-13.89114
1.57899	-14.43706
1.3107	-15.34964
1.12291	-16.08297
0.89365	-16.79999
0.70585	-17.64739
0.5083	-18.16887
0.29123	-18.91034
0.11075	-19.52144
-0.06729	-20.3281
-0.28923	-20.97994
-0.4941	-21.50957
-0.74531	-22.03919
-0.92823	-22.60141
-1.15505	-23.31029
-1.2331	-23.45695
-1.53065	-24.10065
-1.76722	-24.48361
-1.97941	-24.9399
-2.1038	-25.11915
-2.31842	-25.81174
-2.555	-26.10507
-2.74279	-26.43099
-2.92084	-26.91987
-3.15741	-27.31098
-3.33545	-27.75097
-3.54032	-28.03616
-3.77202	-28.43541
-3.94519	-28.94874
-4.1525	-29.16873
-4.36468	-29.66577
-4.53541	-30.20354
-4.79393	-30.59464
-4.96222	-31.01019
-5.15246	-31.50722
-5.4061	-32.09388
-5.58659	-32.54203
-5.77682	-32.94943
-5.9695	-33.37313
-6.16705	-33.84572
-6.37436	-34.28571
-6.60362	-34.79089
-6.76459	-35.21459
-6.99629	-35.74421
-7.1475	-35.9805
-7.39871	-36.6405
-7.61334	-37.0316
-7.79869	-37.52863
-8.01576	-37.83826
-8.16209	-38.24566
-8.40599	-38.61232
-8.56452	-38.95454
-8.83036	-39.41083
-9.05962	-39.81824
-9.17913	-40.24193
-9.45229	-40.47823
-9.64984	-40.87748
-9.83032	-41.27674
-10.02056	-41.58636
-10.24494	-41.87154
-10.40347	-42.18932
-10.61322	-42.34413
-10.8376	-42.90635
-11.06442	-43.18338
-11.26441	-43.23227
-11.44733	-43.49301
-11.61074	-43.86782
-11.85463	-43.83522
-12.00585	-43.87597
-12.04243	-43.27301
-12.08877	-43.04486
-12.03755	-42.79227
-12.08389	-42.52339
-12.1156	-42.26265
-12.03755	-42.09154
-12.06926	-41.8471
-12.06682	-41.60266
-12.03268	-41.58636
-12.01804	-41.41525
-12.03268	-41.48044
-12.0717	-41.29303
-12.03755	-41.30118
-12.05706	-41.26044
-12.0156	-41.19526
-12.00097	-41.08933
-12.0595	-40.94267
-12.03024	-41.06489
-12.03999	-40.93452
-12.00341	-40.97526
-12.0156	-40.77971
-12.03511	-40.82045
-12.06438	-40.85304
-12.01316	-40.73082
-12.07658	-40.83674
-12.05463	-40.796
-12.06438	-40.73897
-12.06194	-40.67378
-12.02048	-40.64934
-12.06926	-40.61674
-12.03511	-40.576
-12.05219	-40.53526
-11.94731	-38.59603
-11.76195	-36.18421
-11.55465	-34.00053
-11.38636	-32.08574
-11.14247	-30.39909
-10.95711	-28.79392
-10.7059	-27.45764
-10.55225	-26.10507
-10.36689	-25.09471
-10.11812	-23.86435
-9.90349	-22.76437
-9.69374	-21.92512
-9.49863	-20.91476
-9.33522	-20.00218
-9.08889	-18.95108
-8.86451	-17.90813
-8.66208	-16.9874
-8.50842	-16.09111
-8.26453	-15.00742
-8.11332	-13.94818
-7.89625	-13.0356
-7.71089	-12.00079
-7.46944	-10.9171
-7.27676	-9.81712
-7.0597	-8.76602
-6.91336	-7.69048
-6.69142	-6.64752
-6.49631	-5.45791
-6.28656	-4.33348
-6.09632	-3.20905
-5.86706	-2.12536
-5.68902	-1.09056
-5.44269	0.1188
-5.20123	1.48656
-5.04758	2.48512
-4.85491	3.75219
-4.65735	4.86822
-4.43541	6.25277
-4.27932	7.41075
-4.07445	8.68621
-3.85982	9.97007
-3.57935	11.48048
-3.46472	12.65525
-3.27204	13.9391
-3.0501	15.17261
-2.81596	16.8089
-2.65499	18.0424
-2.46232	19.35982
-2.2355	20.61011
-2.00868	22.30513
-1.78673	23.49668
-1.62577	24.88123
-1.38675	26.24899
-1.20871	27.6755
-1.03067	28.98453
-0.84043	30.4362
-0.60142	31.6781
-0.42337	33.14656
-0.20387	34.11155
0.02539	35.26953
0.08148	35.3031
0.11563	34.74089
0.14246	34.29615
0.15221	34.00246
0.07417	33.5829
0.09124	33.45703
0.09612	33.23886
0.0888	33.2053
0.0888	33.09621
0.0888	32.95356
0.09612	32.80252
0.08148	32.68504
0.11807	32.59274
0.09368	32.69344
0.09856	32.45009
0.17172	32.50044
0.07661	32.35779
0.10587	32.16479
0.13758	32.23192
0.14002	32.24031
0.11563	32.14801
0.12051	32.02214
0.12539	31.88788
0.1327	31.90466
0.13026	31.94662
0.12295	31.84592
0.14246	31.85432
0.07905	31.75362
0.11319	31.74523
0.101	31.61097
0.11075	31.81236
0.101	31.69488
0.10343	31.72006
0.10343	31.45993
0.09368	31.50189
0.11319	31.41797
0.10343	31.37602
0.09856	31.33406
0.12051	31.35924
0.12051	31.30889
0.09856	31.35084
0.11319	31.19141
0.14977	31.04876
0.04978	31.0152
0.14002	31.1075
0.10831	31.07393
0.11075	30.85576
0.10343	31.06554
0.0888	30.89772
0.12051	31.0152
0.06685	30.83898
0.07661	31.02359
0.09368	30.96485
0.09124	30.86415
0.07661	30.79702
0.07905	30.88094
0.07905	30.89772
0.11075	30.71311
0.08148	30.75507
0.11563	30.90611
0.07905	30.90611
0.10587	30.79702
0.10587	30.78863
0.09368	30.56207
0.07417	30.57046
0.04978	30.62081
0.07661	30.64598
0.0571	30.64598
0.09856	30.7299
0.11807	30.7215
0.13514	30.65437
0.10831	30.64598
0.11319	30.57885
0.07173	30.63759
0.08148	30.59564
0.08148	30.6292
0.07661	30.84737
0.05466	30.56207
0.07661	30.60403
0.06197	30.54529
0.11319	30.47816
0.07417	30.61242
0.10343	30.50333
0.08636	30.5369
0.06197	30.36068
0.09612	30.42781
0.10587	30.46977
0.07417	30.52012
0.09612	30.52851
0.09612	30.44459
0.06197	30.47816
0.11075	30.42781
0.12295	30.35229
0.07905	30.38586
0.07905	30.37746
0.07417	30.28516
0.101	30.41942
0.101	30.25999
0.10831	30.2516
0.11319	30.46977
0.10587	30.29355
0.0888	30.26838
0.0888	30.2516
0.06441	30.27677
0.07905	30.31034
0.08392	30.28516
0.09856	30.13412
0.09612	30.30194
0.08148	30.09216
0.02783	30.17608
0.07905	30.19286
0.08148	30.13412
0.06441	30.23481
0.10343	30.16768
0.08148	30.28516
0.08148	30.14251
0.09368	30.20125
0.09368	30.05021
0.09368	30.19286
0.08636	30.20125
0.07417	30.05021
0.08636	30.14251
0.07661	30.20125
0.13514	30.05021
0.12539	30.1509
0.11563	30.19286
0.07173	30.09216
0.11319	30.12573
0.09368	30.0586
0.09368	30.09216
0.06929	30.18447
0.0888	30.07538
0.08148	30.0586
0.10831	30.00825
0.11075	30.04182
0.11563	30.09216
0.07661	30.09216
0.06929	30.17608
0.12539	30.06699
0.09856	30.2516
0.14246	30.18447
0.05222	30.04182
0.11319	29.89078
0.07173	30.03343
0.06685	29.27822
-0.01363	27.21398
-0.09412	24.75536
-0.20387	22.47295
-0.29167	20.45907
-0.40386	18.53748
-0.52337	16.64946
-0.59654	14.88731
-0.71604	13.12516
-0.8575	11.62313
-0.89653	10.59102
-0.91848	10.26376
-0.91116	10.42319
-0.93311	10.43158
-0.90384	10.54906
-0.94774	10.59102
-0.91116	10.82597
-0.95506	10.81758
-0.91604	11.01897
-0.92091	11.0861
-0.92579	11.06931
-0.95506	11.09449
-0.93067	11.1784
-0.87458	11.20357
-0.94287	11.21196
-0.91848	11.25392
-0.92335	10.85953
-1.00628	9.65959
-1.01603	8.703
-1.07457	8.00653
-1.11603	7.45271
-1.17456	6.85693
-1.2209	6.03459
-1.27456	5.2626
-1.26236	4.80948
-1.38187	4.25566
-1.39894	3.70184
-1.41602	3.88645
-1.42821	3.77736
-1.41846	4.00392
-1.44772	4.08784
-1.42333	4.00392
-1.45016	4.13818
-1.47211	4.18853
-1.44528	4.34796
-1.43309	4.35635
-1.42821	4.35635
-1.44528	3.59276
-1.4526	3.4585
-1.50382	2.93824
-1.51114	2.67811
-1.54528	2.24177
-1.61113	1.8306
-1.62333	1.50335
-1.65015	1.08379
-1.67942	0.94953
-1.73308	0.70618
-1.75015	0.85722
-1.70869	0.86562
-1.69162	1.01666
-1.72088	1.10057
-1.70869	1.18448
-1.68918	1.31874
-1.69162	1.13413
-1.71601	1.26
-1.69406	1.36909
-1.71357	1.41104
-1.68918	1.44461
-1.69406	1.59565
-1.70625	1.46978
-1.71844	1.74669
-1.69649	1.53691
-1.70381	1.62082
-1.70137	1.63761
-1.5965	1.646
-1.6843	1.76347
-1.65991	1.82221
-1.67454	1.71313
-1.6843	1.72991
-1.67942	2.09073
-1.70625	2.04877
-1.63796	2.23338
-1.68918	2.30051
-1.64528	1.42783
-1.83064	-0.51204
-1.96965	-1.95425
-2.09404	-2.74461
-2.15257	-3.68163
-2.30135	-4.61051
-2.33062	-4.79792
-2.2355	-1.18833
-2.14526	-0.59352
-2.17209	-0.56093
-2.15501	-0.60167
-2.12818	-0.60982
-2.15501	-0.57723
-2.15257	-0.40612
-2.14282	-0.49575